'use strict';

function transpose(matrix) {
  const collectColumn = (_, rowIdx) => {
    return [...matrix].map((_, columnIdx) => matrix[columnIdx][rowIdx]);
  };

  return matrix[0].map(collectColumn);
}

const matrix = [
  [1, 5, 8],
  [4, 7, 2],
  [3, 9, 6]
];

const newMatrix = transpose(matrix);

console.log(newMatrix);      // [[1, 4, 3], [5, 7, 9], [8, 2, 6]]
console.log(matrix);         // [[1, 5, 8], [4, 7, 2], [3, 9, 6]]

console.log(transpose([[1, 2, 3, 4]]));            // [[1], [2], [3], [4]]
console.log(transpose([[1], [2], [3], [4]]));      // [[1, 2, 3, 4]]
console.log(transpose([[1]]));                     // [[1]]
console.log(transpose([[1, 2, 3, 4, 5], [4, 3, 2, 1, 0], [3, 7, 8, 6, 2]]));
// [[1, 4, 3], [2, 3, 7], [3, 2, 8], [4, 1, 6], [5, 0, 2]]

